-858993460 0-858993460 0-858993460 
-858993460 -858993460 -858993460 -858993460 0 0
-858993460 0-858993460 0-858993453 
-858993460 -858993460 -858993460 -858993460 0 0
-858993460 0-858993460 0-858993446 
-858993460 -858993460 -858993460 -858993460 0 0
-858993460 0-858993460 0-858993439 
-858993460 -858993460 -858993460 -858993460 0 0
-858993460 0-858993460 0-858993432 
-858993460 -858993460 -858993460 -858993460 0 0
-858993460 0-858993460 0-858993425 
-858993460 -858993460 -858993460 -858993460 0 0
-858993460 0-858993460 0-858993418 
-858993460 -858993460 -858993460 -858993460 0 0
-858993460 0-858993460 0-858993411 
-858993460 -858993460 -858993460 -858993460 0 0
-858993460 0-858993460 0-858993404 
-858993460 -858993460 -858993460 -858993460 0 0
-858993460 0-858993460 0-858993397 
-858993460 -858993460 -858993460 -858993460 0 0
